5.931203087603043045e-02
1.943859730065438871e-02
1.686067270724028039e-02
1.734063855014442157e-02
1.690445763609206564e-02
1.639299990562989237e-02
1.581037268897315592e-02
1.548012357247890124e-02
1.572953465164961262e-02
1.571304919322806526e-02
1.502095501919777434e-02
1.472421608915121596e-02
1.477061052509293267e-02
1.455858565090548291e-02
1.483841240762182739e-02
1.468249436389533827e-02
1.424140170444494063e-02
1.422547948249325463e-02
1.389896805731163053e-02
1.393246223765423619e-02
1.368860824186760895e-02
1.363702193543628316e-02
1.357859527660145588e-02
1.362679958571439559e-02
1.337536310787752585e-02
1.358083910691635504e-02
1.342414640403044590e-02
1.313534956763767400e-02
1.344809154970980948e-02
1.339059738873238717e-02
1.296324393111877686e-02
1.315454190265722030e-02
1.299388159376285885e-02
1.313054963526089775e-02
1.286679910527930432e-02
1.267844582346925111e-02
1.285717348224460314e-02
1.268653192487946037e-02
1.271964396558431312e-02
1.300901715620554448e-02
1.286246479145228098e-02
1.277593429597454443e-02
1.269929541584752415e-02
1.276975045742798250e-02
1.272187450808075909e-02
1.301692401630586728e-02
1.313066481119360036e-02
1.259785036718469309e-02
1.267074630907371637e-02
1.262133920754004990e-02
1.277757894397351691e-02
1.268160811947733474e-02
1.256830863348327651e-02
1.268536226029719736e-02
1.257196434704056266e-02
1.251489952309894037e-02
1.254364579246445253e-02
1.252136491043190358e-02
1.275424761288081708e-02
1.252741100672582521e-02
1.265914549242641053e-02
1.244025763629955268e-02
1.273064774302605506e-02
1.280247795450755767e-02
1.253380585216114056e-02
1.254600277045887780e-02
1.252500930655013958e-02
1.299598199773017125e-02
1.270564545807829383e-02
1.235143853579407508e-02
1.260293636339258894e-02
1.269839083006601976e-02
1.264368771018022260e-02
1.258958411273006922e-02
1.246338043304918812e-02
1.268195725236636456e-02
1.255597283326474051e-02
1.237730045996991018e-02
1.250098680589440715e-02
1.268035491098637273e-02
1.260966852656343097e-02
1.245030470327767973e-02
1.248436730558027778e-02
1.236448784307158169e-02
1.283532580232557563e-02
1.263386703650137659e-02
1.267726357267674395e-02
1.236235533874788239e-02
1.245680744234422578e-02
1.249376785750883762e-02
1.244056014073425045e-02
1.276265398508390041e-02
1.241048827436156028e-02
1.286667643513808232e-02
1.247254480922997157e-02
1.265091366930570956e-02
1.256222584966862170e-02
1.271119712625788656e-02
1.265712307470478505e-02
1.243462149377905224e-02
1.261779784810788084e-02
1.276553543035232989e-02
1.235515780811043129e-02
1.239803667584466265e-02
1.261210226655063403e-02
1.263466243762131208e-02
1.239490071329400409e-02
1.268695345073653398e-02
1.255235950824008621e-02
1.259959869293307208e-02
1.268241009327723649e-02
1.250908811653235822e-02
1.267144939440158387e-02
1.229844757945171806e-02
1.268634693358755908e-02
1.282727489351200532e-02
1.252688744139232591e-02
1.245696478956031736e-02
1.248823394589339796e-02
1.257427818859512512e-02
1.263431485396868635e-02
1.227688252299055302e-02
1.243432715310791720e-02
1.254186140512246299e-02
1.258912034079888269e-02
1.242723124703645245e-02
1.246711495911157624e-02
1.243748255501399801e-02
1.262221254682592206e-02
1.254199376155267984e-02
1.273538792473807163e-02
1.249893244184966702e-02
1.251054874017663680e-02
1.250162697530727250e-02
1.275920001594046949e-02
1.250228642470009241e-02
1.237176160148236240e-02
1.244529003872185333e-02
1.261974734220347449e-02
1.250337411954030239e-02
1.270774496366656320e-02
1.261144356506504506e-02
1.275900733010775813e-02
1.230368446416255437e-02
1.255979362330319343e-02
1.251707369832047792e-02
1.240735116056798822e-02
1.266043444910223796e-02
1.252938128284839317e-02
1.266584871782000694e-02
1.236152892262740687e-02
1.281282087399786274e-02
1.219344413955028225e-02
1.281661171836504312e-02
1.222560701029905793e-02
1.240419445961827780e-02
1.261198624744156588e-02
1.292683465146311772e-02
1.248498255276543276e-02
1.254579315699252268e-02
1.239511227220952208e-02
1.263978844686601891e-02
1.243551931100012400e-02
1.242672783424133946e-02
1.239443817451938226e-02
1.256114535343550061e-02
1.231033632969821996e-02
1.263018043793695186e-02
1.257064009181457082e-02
1.267377109343388944e-02
1.259436369312652917e-02
1.278649437567130030e-02
1.281552045137744275e-02
1.227895450381202326e-02
1.234754809066225881e-02
1.253878355229248558e-02
1.233591867101522903e-02
1.243084473499803805e-02
1.268563594893475782e-02
1.244739938997458696e-02
1.257828393163975059e-02
1.255641762259813304e-02
1.253446194309434936e-02
1.255973279707660838e-02
1.239766678318780270e-02
1.250179222095793366e-02
1.246953882227151353e-02
1.252952505910972028e-02
1.239523645775325068e-02
1.252297838049340646e-02
1.253213451901026912e-02
1.242754017456967029e-02
1.260695161910489054e-02
1.231776044862505082e-02
1.235586176777746410e-02
1.295080985410947474e-02
1.252328683524241149e-02
1.257126616673761264e-02
1.245791598153701309e-02
1.233431866061277145e-02
1.236271911014021063e-02
1.239702989299199323e-02
1.242191380737473969e-02
1.255390579219245115e-02
1.279638888649143810e-02
1.242546176619785045e-02
1.241972560355044525e-02
1.266217735430393183e-02
1.250775487395448630e-02
1.247964227878369317e-02
1.241544628316397676e-02
1.263773523584492582e-02
1.247367613110157009e-02
1.236315145661224559e-02
1.267612229206423018e-02
1.249154556692216346e-02
1.268902100109803310e-02
1.235741447571871675e-02
1.263659252174355319e-02
1.260800691264508770e-02
1.235340467883882902e-02
1.257011850220266999e-02
1.257020155997166933e-02
1.251893547091127365e-02
1.256486217724604552e-02
1.252226162983200754e-02
1.237403393507602138e-02
1.230171392271099326e-02
1.254371264646716652e-02
1.270959159558777800e-02
1.256298071955888086e-02
1.260490917794791083e-02
1.266283011972106458e-02
1.222352155913415499e-02
1.268645833436948117e-02
1.263845000722326264e-02
1.249432015405472704e-02
1.238032237022944175e-02
1.246188915322176891e-02
1.249970525795198600e-02
1.270256046896682880e-02
1.259511513421828453e-02
1.260325081920675092e-02
1.233796822174272438e-02
1.250043940725050796e-02
1.260707674932667888e-02
1.248518028697194818e-02
1.260177419479957713e-02
1.280894866622770724e-02
1.236736307447744085e-02
1.251491573042668934e-02
1.252459682948018314e-02
1.241952094853095330e-02
1.252848834037980155e-02
1.270202462459926913e-02
1.256992950515526015e-02
1.261272360739898284e-02
1.245579151276420687e-02
1.255066920406617756e-02
1.229394266709514343e-02
1.280539169601284041e-02
1.246522524862427386e-02
1.252622510543374527e-02
1.252537041307777779e-02
1.234514103938841485e-02
1.252106934550786289e-02
1.240572815736039856e-02
1.264994956168344342e-02
1.253085308325393304e-02
1.282243458393882846e-02
1.221409706705130563e-02
1.228880222591199368e-02
1.244964626623071800e-02
1.274879714456274640e-02
1.234557356304323388e-02
1.238464134305459173e-02
1.256266698939280564e-02
1.250698822185425559e-02
1.238745875767010077e-02
1.246587749941000314e-02
1.254384011122795101e-02
1.268090650770478493e-02
1.258271618124745701e-02
1.231481664392021676e-02
1.258802138817412958e-02
1.287351807768155609e-02
1.269515387243796110e-02
1.245462796232355007e-02
1.236716158381782546e-02
1.236915199289073501e-02
1.235875836796132554e-02
1.260333404347414518e-02
1.240181365187491801e-02
1.255264171322604747e-02
1.245332475267279387e-02
1.237300014564941993e-02
1.239522524270626064e-02
1.230962926176435400e-02
1.230067356416588743e-02
1.226142313007272389e-02
