3.576198513680835589e+01
1.567516378884958250e+01
1.211164105879821840e+01
1.113547880468375162e+01
1.064093732075814458e+01
1.043316574053175216e+01
1.006769152399129474e+01
9.983745897211633746e+00
9.504038177587045055e+00
9.407275114821825213e+00
9.523024823881963030e+00
9.354737057085527496e+00
9.293560105556093021e+00
9.278086970043734283e+00
9.078526943740518718e+00
9.104837727281259063e+00
8.792437362895753949e+00
8.813664531505365218e+00
8.296200179876413117e+00
8.854282993665721690e+00
8.854415301361058255e+00
8.508584783292418408e+00
8.510060628425993201e+00
8.258725543639672040e+00
8.148605446138597941e+00
8.213028716174962440e+00
9.106979982977659205e+00
8.060245945442986226e+00
8.124898294406108334e+00
8.272522594421293007e+00
8.037570255614452819e+00
8.297675725957057935e+00
7.885988666665223690e+00
7.995178928471425195e+00
7.996140504786437120e+00
8.003196077074655079e+00
8.062019070707123092e+00
7.562605375959730480e+00
7.916650217961285207e+00
7.660788487649472955e+00
7.337685088391999955e+00
7.424588078878399777e+00
7.708056043309160721e+00
7.766592808164037187e+00
7.570977861490315597e+00
7.442695606994043089e+00
7.437672159646251835e+00
7.068687062587606817e+00
7.291305437242353804e+00
7.579831148309830624e+00
7.006058062278785137e+00
7.198718901938071291e+00
6.949838106620395806e+00
6.906256468456874131e+00
7.246514288838049822e+00
6.978056617194922318e+00
7.419395968638887950e+00
6.961108671790027458e+00
6.857792218906505255e+00
6.923490630310449312e+00
6.909921993214401148e+00
6.997985589369163151e+00
7.353783567940004318e+00
6.856562524640412271e+00
6.753505964448708987e+00
6.497471673892967203e+00
6.832796082462464504e+00
7.078006537552625765e+00
6.520597659014139680e+00
6.763734818043308117e+00
6.866546304074552687e+00
6.416693730049982669e+00
6.380867259829283711e+00
6.452080992990887331e+00
6.313829978963967804e+00
6.135322159254331886e+00
6.640185866600890385e+00
6.363291760519572016e+00
6.169893248079336701e+00
5.959122960050968310e+00
6.096902719303210816e+00
6.071049632312169209e+00
6.197337729815026286e+00
5.999437449824197799e+00
5.927499142482344219e+00
6.043222720377538160e+00
5.774207309518135212e+00
6.146310721380054076e+00
5.761056025692759874e+00
5.690387116015941160e+00
5.667159298276803980e+00
5.892045540570638451e+00
6.492065891520756971e+00
6.055082329637415661e+00
5.893011498394770342e+00
5.657041602742831188e+00
5.892931924055380577e+00
5.589379868267149831e+00
5.944764518463071745e+00
6.040835120299052008e+00
5.848673359131500327e+00
5.958035700980886418e+00
5.524846917007085523e+00
5.773386161583649034e+00
5.503531491175275292e+00
5.689977468302546804e+00
5.792009775459566967e+00
5.662254278835641585e+00
5.311123072704046599e+00
5.382874537216809863e+00
5.440170416367615225e+00
5.459159140837630986e+00
6.372313274839121355e+00
5.711985521603019755e+00
5.425510244283016981e+00
5.417523025610629261e+00
5.567668429843119604e+00
5.256869991830367184e+00
5.495081664803643129e+00
5.349158663810627878e+00
5.504665684769125100e+00
5.449853928364746913e+00
5.118674210567802696e+00
5.308698208163598942e+00
5.208436887408958604e+00
5.253350334675109146e+00
5.376837525426162223e+00
5.290748250163243682e+00
5.187293026058587664e+00
5.263482794219415339e+00
5.206184634146763912e+00
5.272765273256759144e+00
5.275143612346559152e+00
5.105969168481024667e+00
4.109518185247150512e+00
3.707950777673300724e+00
3.840122155695538719e+00
3.739948563321148889e+00
3.713261679197889631e+00
3.630354064931430536e+00
3.577785020581660369e+00
3.626100096198048295e+00
3.474005493697658320e+00
3.531202546095150829e+00
3.404317970901786783e+00
3.534328553634724646e+00
3.402257517050484736e+00
3.383591734443341714e+00
3.385923148936606619e+00
3.360158247610115723e+00
3.324128519140178817e+00
3.305998672859878251e+00
3.267212113859503386e+00
3.214064096859489794e+00
3.250765073042621633e+00
3.201433631791606782e+00
3.251199659188483082e+00
3.213237951609320131e+00
3.163485951102409377e+00
3.136686471930129727e+00
3.037229215575484975e+00
3.124234695330688538e+00
3.049016734758732028e+00
3.102810914154475963e+00
3.024746515915113676e+00
3.018004363091557618e+00
3.006877257727952113e+00
2.980015927768849604e+00
2.893036988168439905e+00
2.853641179809947470e+00
2.916073578925344467e+00
2.888394563651257574e+00
2.904224381182038961e+00
2.876677156081794529e+00
2.860233012491145477e+00
2.796858277231258683e+00
2.848780518449187227e+00
2.740161630826069672e+00
2.752751830081484830e+00
2.732211358380789434e+00
2.730618237632235878e+00
2.697470081761508709e+00
2.669065174952974573e+00
2.775816277159591561e+00
2.668434835181251685e+00
2.652032620589853451e+00
2.762260130098351585e+00
2.648280818851089347e+00
2.664232238895369420e+00
2.604033654554317234e+00
2.590926761430367264e+00
2.515754813126940270e+00
2.550183363951953996e+00
2.487610272889280605e+00
2.535573162936723524e+00
2.473868322775854889e+00
2.438396664438103212e+00
2.551271993705222840e+00
2.430706311004384279e+00
2.430117923938611479e+00
2.496814283607160956e+00
2.351719383959345766e+00
2.345629318522550744e+00
2.391132983082983721e+00
2.365420586133357705e+00
2.330127459652965083e+00
2.353940380917941333e+00
2.342910765418698027e+00
2.364438824295409081e+00
2.253233458618396412e+00
2.358041069431730197e+00
2.302677956338085696e+00
2.249319496252535799e+00
2.310908477204627332e+00
2.295333016506284629e+00
2.292479284844512577e+00
2.172305819668366222e+00
2.139567892982131792e+00
2.198169956825279048e+00
2.158981801810427203e+00
2.150926446562712702e+00
2.197681065324928795e+00
2.181715372606741532e+00
2.218529353545140470e+00
2.186773009582033911e+00
2.124131625722402106e+00
2.134538157734202191e+00
2.124607986719736719e+00
2.039838942629725427e+00
2.138428650910859208e+00
2.057327358533232342e+00
2.024612894110212391e+00
2.087815528734997983e+00
2.127502622510065500e+00
2.078879563681233833e+00
1.955572094064453426e+00
2.018571975461301626e+00
1.990991945993989765e+00
1.999833817101001943e+00
1.992867771315603331e+00
1.994632561445880636e+00
1.964458432692046008e+00
1.913711481387727398e+00
1.917053367816708542e+00
1.972323490736208607e+00
1.921450235095507830e+00
1.930140451764745801e+00
1.909429131020758952e+00
1.969528187706792943e+00
1.903454128266478751e+00
1.824506454493281193e+00
1.959259242619584951e+00
1.877406052279467996e+00
1.896657494254679444e+00
1.885590977558102788e+00
1.975201379526003054e+00
1.886274230435729615e+00
1.862397780883399134e+00
1.860258477740758476e+00
1.799342890043119425e+00
1.860050202434935684e+00
1.842785327844556287e+00
1.854395862801469397e+00
1.792088004753998876e+00
1.793973155134811259e+00
1.779993005267902495e+00
1.725391837067403289e+00
1.789617469554910745e+00
1.791351882242859350e+00
1.874566092980685106e+00
1.769797707088034189e+00
1.724574594702078745e+00
1.780650434633989310e+00
1.746263257402697278e+00
1.784529942193946006e+00
1.697996102503044114e+00
1.752778694605743093e+00
1.770840874441028445e+00
1.757142149732969116e+00
1.748138625441901572e+00
1.750373356047298934e+00
1.724779461649593282e+00
1.770450679314906184e+00
1.688283822536982504e+00
1.666861538492797834e+00
1.757427953052559610e+00
1.711294854171368840e+00
1.646287332107352119e+00
1.750727044409770450e+00
1.605697974745434520e+00
1.692706776080833420e+00
1.585791090587139518e+00
1.617730874320192802e+00
1.565750881738936950e+00
1.673484510719059903e+00
1.660687640727376069e+00
1.642632943972875736e+00
1.653835124157821079e+00
1.573659860256455767e+00
1.618743258274699670e+00
