5.598803128449971744e-01
3.076605539740496775e-01
1.044941702928706834e-01
5.420673342833991909e-02
4.973823224542705396e-02
4.727814178771645032e-02
4.359392002793668897e-02
4.021501539715828522e-02
3.585322669046070443e-02
3.290877745749841432e-02
3.161764678097408326e-02
2.827479150004059277e-02
2.706821773286539196e-02
2.567897849353670270e-02
2.413263528799737545e-02
2.257494294290779066e-02
2.174456656434153867e-02
2.108190682155030443e-02
1.862901305594972037e-02
1.631391902262245563e-02
1.599584860400161609e-02
1.601830984373356706e-02
1.518787885838337494e-02
1.392120096605015123e-02
1.337726675827084592e-02
1.236926521821558878e-02
1.221838260766204033e-02
1.199885503253863943e-02
1.169464713005164205e-02
1.200930821844412195e-02
1.109863234015594051e-02
1.078739714673684728e-02
1.041423220841484164e-02
1.079070381820201874e-02
1.039648704401409385e-02
1.018120118822077834e-02
1.025636960531919016e-02
9.829675483709301304e-03
9.576728645683700580e-03
9.368007952873487823e-03
9.494850753259112194e-03
9.440280610823449658e-03
9.647663842659187985e-03
9.345482594070543200e-03
9.034213865929433332e-03
8.874504403957655593e-03
8.560948361791954550e-03
8.588607639842133976e-03
8.395356257652281107e-03
8.546986521171931472e-03
8.395724176279916254e-03
8.115152277422087515e-03
8.031439437808199008e-03
7.972158651571465207e-03
7.851924612151303315e-03
8.074106922273645640e-03
7.791041393003618649e-03
7.483606610646230048e-03
7.630654304992151929e-03
7.496261599523420215e-03
7.481676444610339469e-03
7.316365301296228439e-03
7.442767109778774051e-03
7.305831122318751959e-03
7.539675428837765668e-03
7.104349841598336414e-03
7.253945879780381717e-03
6.947073552274067414e-03
6.904435507555044434e-03
7.010820460370706039e-03
6.994636221042343539e-03
6.877302185042214258e-03
6.881573429430714282e-03
6.691179607945089459e-03
6.582472544476276367e-03
6.601051011527994845e-03
6.666465292734498858e-03
6.626181606601440170e-03
7.154020871824890576e-03
6.521611755273042099e-03
6.395509821995524341e-03
6.291995016957512531e-03
6.314041388029133402e-03
6.149194555229130221e-03
6.116279859437060221e-03
6.354683875070728412e-03
6.037057587123326706e-03
6.037189351494303378e-03
6.383303481772655517e-03
6.022430362734402902e-03
6.030523907819777124e-03
5.858673554141330050e-03
5.913799689044706674e-03
6.021257589450319629e-03
5.909596235697506250e-03
5.936308141854656009e-03
5.934729471888023147e-03
5.865124907373017206e-03
5.776070193423114667e-03
5.806239769715844379e-03
5.832530700295935656e-03
5.842373279840436945e-03
5.865032944600773526e-03
5.857663449497168585e-03
5.777707366087964612e-03
5.713108614200853967e-03
5.639107720144377264e-03
5.720565518549152774e-03
5.689593870903699585e-03
5.733745446329125729e-03
5.676283572181945770e-03
5.559104807561135626e-03
5.646299009161596417e-03
5.818634397058769156e-03
5.513170282605267709e-03
5.674684711710641961e-03
5.575239352654410077e-03
5.628200688662419494e-03
5.625297414949377399e-03
5.501691810075790695e-03
5.692586452053248480e-03
5.424980152369910345e-03
5.566199949963857550e-03
5.466403425422333533e-03
5.559815751488199863e-03
5.474407506665883438e-03
5.523974648214705942e-03
5.527435940555261093e-03
5.488590699912027429e-03
5.391438342346489832e-03
5.498725856931610187e-03
5.340452138903259427e-03
5.516270108037550461e-03
5.380609033643516531e-03
5.363936841715382861e-03
5.455745366323767886e-03
5.301188695322693600e-03
5.237650271960114963e-03
5.349845380188172385e-03
5.482363859404816922e-03
5.208010344503035370e-03
5.497458415774216477e-03
5.351301176004282477e-03
5.389244437843333270e-03
5.227163000359334906e-03
5.308319476809893363e-03
5.115574787420625567e-03
5.204662538439263318e-03
5.103065785134338998e-03
5.170550392869547110e-03
5.122008470406058667e-03
5.182526721299149548e-03
5.142670256291864694e-03
5.335745131525829535e-03
5.121833189810050604e-03
5.220131468710326010e-03
5.145370338168990879e-03
5.207214639557681927e-03
5.238515349773278061e-03
5.209413687662996402e-03
5.154783940582557608e-03
5.292918998748064041e-03
5.231899977128469208e-03
5.155457393443993973e-03
5.149510116778484824e-03
5.273539309908870099e-03
5.321199703563488266e-03
5.068114725872874260e-03
5.301377451658703839e-03
5.131678047895659421e-03
5.304308551299662805e-03
5.240085154402119791e-03
5.209300539079512841e-03
5.321869456017290674e-03
5.049900187335851220e-03
5.106096779785424672e-03
5.119169832967960902e-03
5.163231557092935048e-03
5.084698770963053290e-03
5.238380741669249399e-03
5.162246169820996350e-03
5.094364544959695956e-03
5.100736668233880368e-03
5.267188884317874908e-03
5.135964221882683908e-03
5.069947310986409363e-03
5.078992500673723889e-03
5.193914851984222751e-03
5.207447843441299039e-03
5.175104826859390668e-03
4.968927065905837798e-03
5.145282669433655365e-03
5.316823496988028891e-03
5.164921578759228311e-03
5.196665573637676908e-03
5.142935843185613733e-03
5.317301905308743741e-03
5.066307083852873358e-03
5.111201726724855753e-03
5.199461606622652124e-03
5.213404909657840848e-03
5.256128188165771695e-03
5.164559045451060440e-03
5.063811389956878947e-03
5.115690998349139464e-03
5.131356265282130576e-03
4.993835894234535666e-03
5.039710025409705786e-03
5.154440151029870618e-03
5.013785897292026041e-03
5.173871745106600577e-03
5.161397749174186957e-03
5.136281962840611413e-03
5.076859112587252428e-03
5.030822780210780429e-03
5.100371788845944540e-03
5.141965849396154184e-03
5.119771924125784100e-03
5.095960671892603260e-03
4.995539715115464470e-03
5.009387772644066476e-03
5.061841399216925226e-03
5.252571975570598413e-03
5.107648812860022570e-03
5.070346649309605963e-03
5.221559097350553583e-03
5.099542314570596445e-03
5.124325867571675845e-03
5.128477134862701077e-03
5.143330446693278497e-03
5.088789153929429779e-03
5.105013337043178348e-03
5.097088144509164670e-03
4.948929412546389760e-03
4.945139105623687185e-03
5.080791154719946356e-03
4.967531008034489597e-03
5.201492455027258328e-03
5.029043655501294272e-03
5.198375693387316185e-03
5.043206386310794716e-03
5.038834681720224390e-03
5.070428874073478615e-03
4.980502795883035190e-03
4.970361768332032942e-03
5.038413116068557809e-03
4.989544676176009552e-03
4.996912002933161581e-03
4.911208987406647138e-03
5.069031028204974698e-03
5.040975675015276804e-03
5.068845005407360965e-03
5.099675088466806491e-03
5.145615531942089420e-03
5.152778746204749252e-03
5.120372701834403732e-03
4.864477964814837262e-03
5.098761240631796872e-03
4.938217718865125366e-03
4.976392361043973853e-03
4.913646653152376614e-03
5.063141582405748797e-03
5.064099205956431454e-03
4.983128439492851697e-03
5.016973615403621384e-03
5.132772369694164026e-03
4.925767343690377539e-03
5.043382610670710080e-03
5.049211246793279019e-03
5.051972454712363308e-03
5.000441249829666937e-03
5.100356994324740934e-03
5.053627134108816706e-03
4.967460337713474304e-03
4.911464191120089307e-03
5.079792602741308762e-03
4.899523635074951207e-03
4.907182435583294644e-03
4.880675228440579938e-03
4.950963412162684256e-03
4.951149785094930214e-03
4.947924732323025383e-03
4.937074221812814273e-03
4.897084211546728384e-03
5.023659812997429558e-03
5.096917954195319400e-03
4.838444825745265472e-03
4.926733217621577857e-03
4.847274887027176044e-03
4.899581474827901031e-03
5.189254648898166886e-03
4.995338309499370785e-03
4.882544243551847907e-03
4.996077114901014728e-03
4.892808644683988711e-03
4.856075106885369107e-03
4.879863106268848665e-03
4.778981750887882976e-03
4.945811181051926533e-03
5.017880229492678937e-03
