6.573033531198195500e-02
1.868424545546163926e-02
1.771685479646887065e-02
1.669200356643696717e-02
1.638866764943811699e-02
1.619236597730769334e-02
1.550439890673522940e-02
1.525056046962624048e-02
1.521898136896225433e-02
1.504501303654327826e-02
1.525747670077969888e-02
1.514196513224229379e-02
1.447848135331221767e-02
1.443024418436090507e-02
1.451754034719435205e-02
1.440553657753289828e-02
1.443338640974425012e-02
1.405588820590913599e-02
1.388119017423965727e-02
1.445084704659580117e-02
1.372425466861369216e-02
1.377101007485708774e-02
1.355987724743028429e-02
1.332456615965378968e-02
1.385420802838202917e-02
1.361340872256039045e-02
1.357958782784797480e-02
1.353271340107256755e-02
1.310326957124255051e-02
1.338426651963768241e-02
1.314227496332579827e-02
1.349490307392570317e-02
1.354259262876460548e-02
1.310233221911107603e-02
1.318803048794145276e-02
1.330542693762233261e-02
1.339446673308629203e-02
1.306752997662437646e-02
1.345604845815931254e-02
1.332212128030068644e-02
1.327323617616643463e-02
1.322797363193039741e-02
1.309825313574924759e-02
1.344512692558264000e-02
1.307171113596762579e-02
1.300308989079572951e-02
1.343399462028340742e-02
1.355019190044179714e-02
1.318774422377803728e-02
1.305414333202329497e-02
1.316074247740878743e-02
1.309788796025013191e-02
1.294658100054408775e-02
1.329579068540130693e-02
1.334266748856290097e-02
1.326209856606806216e-02
1.290607483199233095e-02
1.329186448585206390e-02
1.282407008521045146e-02
1.306086139180065268e-02
1.315981709802555369e-02
1.301378717318348206e-02
1.287687749443415519e-02
1.304458224625962455e-02
1.275517930762831535e-02
1.308670608828958921e-02
1.314338835768301926e-02
1.289270238427313482e-02
1.321604006334312943e-02
1.290092761334509126e-02
1.285708515351036314e-02
1.282096351452357078e-02
1.270642697305398965e-02
1.323822057266393730e-02
1.275697109301932378e-02
1.264610717048152665e-02
1.259732702266189858e-02
1.303461429718205146e-02
1.267363112793797215e-02
1.289941869626252610e-02
1.266524703980888289e-02
1.255241154477598590e-02
1.298353553573328503e-02
1.277018411629913391e-02
1.269231926218871917e-02
1.287807289681915622e-02
1.261037573428471989e-02
1.266772867880234556e-02
1.274135979123940630e-02
1.283440133378650413e-02
1.244506983524526662e-02
1.266183897080060128e-02
1.256900575514134817e-02
1.270655473875839832e-02
1.253895933364106673e-02
1.281901639058160257e-02
1.246433196603596513e-02
1.255623101440203095e-02
1.242881680324132293e-02
1.284806253780284950e-02
1.254048019408980294e-02
1.252534998452600745e-02
1.256505957489430746e-02
1.287548534614862093e-02
1.237241163258627832e-02
1.247264643290559201e-02
1.266743805718894937e-02
1.248732744137370093e-02
1.290691141163784195e-02
1.246625274583611914e-02
1.259875705333900198e-02
1.235416678473153992e-02
1.245313541016347322e-02
1.248966498268379993e-02
1.242916455161161178e-02
1.228261860372431048e-02
1.272940959685248813e-02
1.230258840344575569e-02
1.259272292623185921e-02
1.248752506428449892e-02
1.264914135621365496e-02
1.255745703468444732e-02
1.240765954141663518e-02
1.249396165807946900e-02
1.231908327748511105e-02
1.241586237778997612e-02
1.270432645155839847e-02
1.253953532816176261e-02
1.252688242151022563e-02
1.229886338648957834e-02
1.253854450422479776e-02
1.278099650071923103e-02
1.227860044809076130e-02
1.273454075152086543e-02
1.231876825450796756e-02
1.261699099154220405e-02
1.256842075813255355e-02
1.259539048071687053e-02
1.252000932234480050e-02
1.260753187936789442e-02
1.255744794494050368e-02
1.240628372511005592e-02
1.230569958711758873e-02
1.249782949949598647e-02
1.260249472417322020e-02
1.266695758644812049e-02
1.230224272517583574e-02
1.254811053507984449e-02
1.239816612879216830e-02
1.250942902511295585e-02
1.273685798804003247e-02
1.243203564459746495e-02
1.253210993245044633e-02
1.252049474351920114e-02
1.244642192330460730e-02
1.263730146478768933e-02
1.241202349551948081e-02
1.242686260890493374e-02
1.244755216605291682e-02
1.241767906047845475e-02
1.241580309634796736e-02
1.262583033347334897e-02
1.252082554644853331e-02
1.251115137444057564e-02
1.256350419318470919e-02
1.210756934502555532e-02
1.273371891633217484e-02
1.242954878627997549e-02
1.232420516166529700e-02
1.256808886005334781e-02
1.234491138289865904e-02
1.266994662262342641e-02
1.252576045738265989e-02
1.267968441660642480e-02
1.282991598276546005e-02
1.244384921770222245e-02
1.260329014666193223e-02
1.258547187748990104e-02
1.235550032469157240e-02
1.234081685080070170e-02
1.241400570165273297e-02
1.248374040974001287e-02
1.244813423821022370e-02
1.256191056759504467e-02
1.239281111035360657e-02
1.268811138296930749e-02
1.257528788472452724e-02
1.259199848637184219e-02
1.238284839662664484e-02
1.258813797444617924e-02
1.243837376661157020e-02
1.244162205503416586e-02
1.240324174867761357e-02
1.272161617914275254e-02
1.232776638604771852e-02
1.259635731107760191e-02
1.267644724529058513e-02
1.268479551222481683e-02
1.240621195272693933e-02
1.231633825316654808e-02
1.265277487651425385e-02
1.219067496495111237e-02
1.262888674718642967e-02
1.259813333610446638e-02
1.235340959721923336e-02
1.251298124255544909e-02
1.278254171801342792e-02
1.236730443320840749e-02
1.224667136156735656e-02
1.270555756562327145e-02
1.266728752928413838e-02
1.241142486166885682e-02
1.267847624548620010e-02
1.257876390911795428e-02
1.255612174693644667e-02
1.250807369790301639e-02
1.265482204017117154e-02
1.244769909420900128e-02
1.259219415582018414e-02
1.249138039784295807e-02
1.255289868079481966e-02
1.240067804734405928e-02
1.225292213781101029e-02
1.295928474618958902e-02
1.268663174734516695e-02
1.237261394149201735e-02
1.259218465828872840e-02
1.240945002776401400e-02
1.254580677068484196e-02
1.236588194303884190e-02
1.257618016119953740e-02
1.245556197202199976e-02
1.242121984117288726e-02
1.244798096530780503e-02
1.251233398850230827e-02
1.245151142844392461e-02
1.256016650580824186e-02
1.254726950449594827e-02
1.267985483439172667e-02
1.236137741086844322e-02
1.252665489210424803e-02
1.244395447763156637e-02
1.242003541432648746e-02
1.240659716590726200e-02
1.258499414462375433e-02
1.239014418268608378e-02
1.250535592857043160e-02
1.252840340126797243e-02
1.252676112075152941e-02
1.275300553574246383e-02
1.253818395417575365e-02
1.257810751100855995e-02
1.267783997587531956e-02
1.231840869632636754e-02
1.244930513505868377e-02
1.250986684822472106e-02
1.267680464700633725e-02
1.263912375321893204e-02
1.279251881559908231e-02
1.243461473679337466e-02
1.242204660275527187e-02
1.262367017973164453e-02
1.248482864058040459e-02
1.255979170545536670e-02
1.258494250786207531e-02
1.266400798101042190e-02
1.264333151936189101e-02
1.254376066567280089e-02
1.265654445004366253e-02
1.256205831755871465e-02
1.238323952717774144e-02
1.247369358494137062e-02
1.242448961768249406e-02
1.267893279477042175e-02
1.240686403345281005e-02
1.253246633695655719e-02
1.249348654466935805e-02
1.277709499546406807e-02
1.252222140844961272e-02
1.253596416462647231e-02
1.256159508964100301e-02
1.233247902429525540e-02
1.226005494865245113e-02
1.261643254434971322e-02
1.263125377028724745e-02
1.247610191210933410e-02
1.256820892765548280e-02
1.293166496133855634e-02
1.243488653696517808e-02
1.260433730493027218e-02
1.242609303907614079e-02
1.251973041705431097e-02
1.243159791408373835e-02
1.254176729702413846e-02
1.245015893526816957e-02
1.245270060895306390e-02
1.253016494983810736e-02
1.273447224588968550e-02
1.258650440704896581e-02
1.239255772383588035e-02
