3.130702700932629412e+01
1.341909089142449041e+01
1.176828780966456023e+01
1.114710673785728723e+01
1.084079240723275994e+01
1.135459526738541314e+01
1.063308132765808267e+01
1.079501480983584294e+01
9.941819388418812409e+00
9.853192803125567778e+00
9.920589829130710413e+00
9.515728198162099361e+00
9.582823555242203639e+00
9.589023410689158311e+00
9.267325512190417669e+00
9.417062807100744948e+00
9.330565044392242768e+00
9.303017568900008527e+00
9.231439133417667975e+00
9.091858885406761459e+00
8.688446484712923024e+00
8.681429403337029171e+00
8.433624716904308372e+00
8.448942952353585056e+00
8.253210636985583548e+00
8.359886891142807031e+00
8.393916281967063853e+00
8.267993788374907282e+00
8.226349699225000478e+00
7.978028579678724697e+00
8.202590304321162762e+00
7.809271435405895190e+00
8.171257855810232229e+00
7.879919333857813513e+00
7.884291020391827054e+00
7.825978333713548452e+00
7.504475938853842010e+00
7.463382727726320276e+00
7.944375875860354874e+00
7.794223123752195725e+00
7.633488082845452993e+00
7.610054393551835439e+00
7.342961436930141694e+00
7.238662922273081612e+00
6.968755371999341364e+00
7.738695359532177243e+00
7.323052488069468069e+00
7.106672397314921952e+00
7.253384815770210103e+00
7.027476838056423425e+00
7.358562388445764491e+00
7.205594411501698993e+00
7.034443415865619720e+00
6.991533175344992301e+00
6.791325035987951786e+00
6.955859211691369559e+00
7.042324987785093526e+00
7.037829156792396290e+00
6.937545707317561039e+00
6.609683235396375700e+00
6.827785581064396148e+00
6.870253338020626543e+00
6.960740461834818760e+00
6.724334300689506883e+00
6.900147659461651095e+00
6.776194317489760088e+00
7.096972149032573896e+00
6.786232511782787746e+00
6.641162193912059308e+00
6.698626974912103016e+00
6.501823913912430086e+00
6.393258409340067949e+00
6.532169377808894950e+00
6.408746192830536259e+00
6.557804285564352575e+00
6.312814784324516815e+00
6.460206575039902255e+00
6.488006597390703512e+00
6.354066096998730373e+00
6.198677012596555791e+00
6.374917668471448806e+00
6.361282805035062715e+00
6.403474264781062963e+00
6.812448558874909743e+00
6.633690395270137152e+00
6.308615455243360870e+00
6.212674556489126587e+00
6.405502590339981595e+00
6.132841714903547903e+00
6.249757968731470825e+00
6.204125678320921544e+00
5.881785912621648293e+00
6.258512598529337723e+00
6.158660353194036929e+00
5.722962392602330972e+00
5.964849947219358128e+00
5.975846036185767929e+00
6.086925805609307183e+00
5.949212438970716832e+00
6.160399295018628152e+00
5.747093249772364132e+00
5.749566195669752133e+00
5.707915890945487902e+00
6.132468804667358775e+00
5.842672568775118869e+00
6.035735060877590819e+00
4.632158283701940604e+00
4.410655926892910195e+00
4.341243646415353652e+00
4.406603914950844469e+00
4.283919620061897859e+00
4.215177107454204375e+00
4.186093739955493831e+00
4.259623153636517223e+00
4.248250321000513807e+00
4.103831578673733382e+00
4.180266434408883569e+00
4.096880703513475552e+00
4.102219197141683260e+00
4.132229745645938479e+00
4.108087569361544844e+00
4.090179407617990037e+00
4.030479824983488335e+00
4.066208573939929849e+00
3.982284617853963482e+00
3.934017228674748345e+00
4.048772700810439495e+00
4.029556033682485605e+00
4.007532097301394813e+00
3.953980416931920150e+00
3.921229605954017039e+00
3.896511456998003720e+00
3.811216261062644328e+00
3.922344042956181998e+00
3.954141936880476216e+00
4.010706429254549121e+00
3.819023599499001165e+00
3.886741937675348257e+00
3.910379913366980098e+00
3.839693002879668970e+00
3.858549789231952243e+00
3.915337902671040204e+00
3.913511735080687615e+00
3.800325340224526727e+00
3.743448456462781238e+00
3.633407796949891022e+00
3.570547392741396653e+00
3.629842488442488690e+00
3.549312780470701867e+00
3.679741244554517010e+00
3.573464319628709696e+00
3.636080445059827415e+00
3.543216838426980875e+00
3.623467234316527730e+00
3.630957839339998827e+00
3.624758786220245277e+00
3.738549470641308048e+00
3.516612325861513177e+00
3.643796736698426741e+00
3.603534745066356404e+00
3.612126857438925587e+00
3.491949347953249294e+00
3.630517575104390549e+00
3.530392447845645876e+00
3.481160966600333140e+00
3.581430985303236891e+00
3.650088965067123770e+00
3.621169672351896907e+00
3.546697916662016503e+00
3.651116104786256589e+00
3.488966171965425911e+00
3.646720556065074614e+00
3.613208316978223422e+00
3.571448116571907416e+00
3.599269101273694815e+00
3.569051288884162343e+00
3.531245752477069288e+00
3.503267031930581865e+00
3.466222719719538770e+00
3.529651814627722484e+00
3.494260719576375074e+00
3.509435517109829483e+00
3.529069878859445453e+00
3.590708815635013984e+00
3.594846956298380469e+00
3.494625044237151812e+00
3.408709139843084657e+00
3.546923152094212384e+00
3.513088871319619777e+00
3.462869995963238523e+00
3.562561726974412313e+00
3.511690609263364404e+00
3.573594669042489791e+00
3.458943514019219290e+00
3.543297646730975359e+00
3.537673493765360000e+00
3.567145279094918298e+00
3.452902736700270481e+00
3.476511329408424888e+00
3.565272529990421102e+00
3.528514133688293697e+00
3.542617385281847220e+00
3.554833739450485641e+00
3.493357554437308110e+00
3.570519561727628410e+00
3.495684477979861704e+00
3.569407610299924372e+00
3.567203634692579506e+00
3.548518151358510231e+00
3.453540487987331264e+00
3.430800702769701171e+00
3.438578487116798144e+00
3.571918009140855776e+00
3.469989081348633153e+00
3.518389277635284529e+00
3.478049691185896908e+00
3.500419677815869601e+00
3.577025115682565204e+00
3.516448222053591977e+00
3.541315693789746977e+00
3.589243850910278866e+00
3.487594556215025676e+00
3.588617974960090162e+00
3.532366037434708339e+00
3.564582138781677845e+00
3.475437099266248886e+00
3.573062407597578982e+00
3.478324481082517572e+00
3.495630564701095899e+00
3.526444571630189095e+00
3.480751662816630621e+00
3.449085563654008091e+00
3.540883697565333055e+00
3.530695758190869338e+00
3.541221173028615166e+00
3.496502661126559275e+00
3.496395811061931980e+00
3.506579945154777445e+00
3.487589151372424201e+00
3.506697514875436017e+00
3.534404344209489235e+00
3.497708060545526632e+00
3.540324209670730138e+00
3.434552698780268809e+00
3.502182912954066474e+00
3.478654907532792162e+00
3.536739966041886341e+00
3.550169586550590228e+00
3.495096440133036442e+00
3.629805597830310759e+00
3.524675759972579758e+00
3.482338011932515798e+00
3.621801718417779092e+00
3.522493753629910351e+00
3.615667025683312552e+00
3.476179977826004741e+00
3.446234858777640575e+00
3.481692688375457756e+00
3.559056627399629580e+00
3.622840797909810728e+00
3.427479191784435830e+00
3.505536574588965504e+00
3.553977045751650188e+00
3.595838184545170790e+00
3.523532807514996534e+00
3.533509750646555592e+00
3.539625688449017371e+00
3.509161040442099200e+00
3.499314136703989053e+00
3.488691948731465153e+00
3.586727148047146319e+00
3.581438195199879715e+00
3.506412480712549407e+00
3.479515788214956107e+00
3.525754424352970595e+00
3.660532946389194464e+00
3.452163682491316887e+00
3.504435230213777785e+00
3.613970079440546712e+00
3.426903744407570951e+00
3.476395955309207864e+00
3.519486702469930339e+00
3.492918590392515288e+00
3.519068965369879010e+00
3.480813397298005984e+00
3.589392523182891814e+00
3.480745891846928952e+00
3.569467386902912764e+00
3.531124114466733577e+00
3.603591082825298386e+00
3.536650722911786282e+00
3.566751990915356885e+00
3.483091389867070564e+00
3.588712762789467714e+00
3.507022487558168145e+00
3.489172953683844725e+00
3.532817632214868109e+00
3.537275849672756767e+00
3.577981208697854409e+00
3.494939811031898991e+00
3.410358240599475010e+00
3.553524773131589765e+00
3.524652448417370021e+00
3.480147459230040319e+00
3.553111886238503825e+00
3.439008907526488024e+00
3.552780246914190254e+00
3.548035048736173369e+00
3.528714819520646362e+00
3.578711527270725057e+00
3.551899795381876057e+00
3.472250632131907988e+00
3.547500538114382262e+00
3.530631278110174964e+00
3.553750761748135201e+00
3.469636190820550414e+00
3.541958181667775651e+00
3.549594054291266954e+00
3.447615024589253174e+00
3.577484649274209172e+00
3.556260103786199611e+00
3.562009407349326029e+00
3.551195483714322254e+00
3.592783737402172939e+00
3.561791414551174650e+00
3.566997974694170459e+00
3.476783665148594160e+00
3.441357624776945734e+00
3.524591255947073787e+00
3.510628701198655222e+00
3.495969330674188580e+00
3.466995355879255225e+00
3.587587129210084935e+00
3.583126850047006595e+00
3.493148610534459131e+00
3.488572728002707901e+00
3.557702082273261457e+00
3.545654475826262697e+00
3.448674170967342523e+00
3.491785416999951153e+00
3.508878471672168597e+00
3.602400174123770338e+00
3.537849407465174068e+00
3.514742389841448933e+00
3.488249427192950947e+00
3.535790551356853495e+00
3.542692811844487366e+00
3.586419540989767452e+00
3.576109026864627616e+00
3.594857202407018892e+00
3.547250014230252990e+00
3.539353175086905612e+00
3.491534476751299021e+00
3.535118174521299395e+00
3.508024998705455033e+00
3.504439560985487478e+00
3.540468891250338590e+00
3.464234609019678501e+00
3.462543316985369213e+00
3.532275082568024249e+00
3.483979041607125904e+00
3.475985152384620580e+00
3.483712362769707305e+00
3.561570874398188202e+00
3.547128411021685412e+00
3.585038564160198504e+00
3.533183442551280251e+00
3.526156710613012724e+00
3.480123948472781947e+00
3.481793563659589363e+00
3.455548570357743987e+00
3.500086233586212625e+00
3.500110062745517059e+00
3.466842420672917147e+00
3.611280342506723695e+00
3.609364159339705669e+00
3.412560321287888776e+00
3.502812876452165547e+00
3.533753774653571877e+00
3.497579409296517561e+00
3.486289650398582740e+00
3.534831691869474213e+00
3.531849926041261245e+00
3.614561450432542955e+00
3.463429525160477862e+00
3.529525278750269113e+00
3.491748971504862631e+00
3.581373894725512486e+00
3.572242050860671814e+00
3.504688635848305811e+00
3.540729345093408309e+00
3.615626034294520785e+00
3.486706852125442069e+00
3.525524460266893811e+00
3.533220636121867209e+00
3.566814400355922121e+00
3.553444074072789949e+00
3.510801550080523192e+00
3.540706443473372822e+00
3.459707411282383127e+00
3.593082300248713334e+00
3.497487565360295925e+00
3.557785728680710857e+00
3.467660774468499518e+00
3.540975381424612323e+00
3.473529579832335124e+00
3.465926175107064910e+00
3.521372315972150613e+00
3.496143661336998942e+00
3.550752044946725139e+00
3.534151345042305437e+00
3.567728368862739696e+00
3.562036587465573501e+00
3.516077376804967791e+00
3.555499773335439428e+00
3.485162909011217280e+00
3.511580270481130306e+00
3.483627825711942183e+00
3.540281029020032832e+00
3.546084262223618389e+00
3.525419558047882429e+00
3.524629537670753265e+00
3.501823709779100291e+00
3.548598695683613080e+00
3.482955295238080229e+00
3.538541064108633893e+00
3.478846271788545330e+00
3.486872371619162525e+00
3.526192576564275871e+00
3.588145167415720316e+00
3.536952545500030354e+00
3.565879302523502492e+00
3.578284235921351364e+00
3.545887207861783352e+00
3.449769171565547410e+00
3.486487682454769477e+00
3.576122459338432424e+00
3.522002622740617817e+00
3.578898801916103434e+00
3.558459747910814652e+00
3.499679305198816426e+00
3.630440530304392066e+00
3.548441252283072167e+00
3.560576210636405392e+00
3.495975267079438176e+00
3.493131756099268070e+00
3.544008907936468500e+00
3.487959780700266688e+00
3.499743194982122496e+00
3.450256873242796729e+00
3.469194209389548700e+00
3.512984503681824133e+00
3.540089040524106778e+00
3.477519254597742027e+00
3.479362601106534836e+00
3.527060618629151101e+00
3.623719005596963694e+00
3.444219228375557051e+00
3.569135586636882795e+00
3.554726162581625104e+00
3.554130463453987865e+00
3.395465744338241887e+00
3.545408593096349037e+00
3.498468299694516226e+00
3.580771455182015117e+00
3.536577639952648067e+00
3.520094817011547139e+00
3.576000120487842882e+00
3.493510494113162057e+00
3.493902929006893920e+00
3.557908388373183683e+00
3.542803643638379629e+00
3.559479091582599342e+00
3.495062848152765689e+00
3.507206119829452629e+00
3.405620258508386122e+00
3.537751464938432289e+00
3.542774303118503720e+00
3.582611924200030717e+00
3.438000624612975731e+00
3.509929717200480859e+00
3.446423559363062328e+00
3.571739481346383194e+00
3.514920461843853428e+00
3.522208445237986485e+00
3.415442144816185355e+00
3.542307455950010731e+00
3.511108392793902855e+00
3.517715705827598072e+00
3.490662785197183648e+00
3.577727904815567683e+00
3.533172031817221281e+00
3.526627921162139856e+00
3.567099596839109932e+00
3.420980657747705767e+00
3.568589502510834510e+00
3.549364235584381966e+00
3.564329581213215192e+00
3.490936463371308474e+00
3.534967463152089984e+00
