1.255614734219230866e-01
1.015417213544590747e-01
5.339342426821475779e-02
4.160736273718244199e-02
3.875983361410730715e-02
3.781278432837424652e-02
3.699200122638512944e-02
3.553222624570814142e-02
3.420232552039714075e-02
3.178131758086098768e-02
2.830915441665485602e-02
2.465988587559634487e-02
2.132493671285742159e-02
1.982499740107823705e-02
1.910580140147500466e-02
1.854304787311845254e-02
1.804658341157527532e-02
1.758835678706869785e-02
1.729882010863027439e-02
1.701709918876868205e-02
1.707423852315840748e-02
1.698842820291983358e-02
1.687784436805785104e-02
1.674850575824957805e-02
1.669559905746283504e-02
1.678562806279377054e-02
1.657957979655675165e-02
1.672773804686224219e-02
1.657498969859976662e-02
1.642740179450457444e-02
1.622951162964788099e-02
1.631111961625914680e-02
1.642459534990196174e-02
1.633812141611830707e-02
1.705302963502534561e-02
1.644671765931007487e-02
1.634485853252974977e-02
1.627841565530491197e-02
1.625383447656649633e-02
1.614541934362349537e-02
1.627435046781337824e-02
1.622975663857833054e-02
1.610183440689139794e-02
1.616357240598392808e-02
1.631597316475542556e-02
1.617642043457004006e-02
1.616918793986089203e-02
1.625380761750781777e-02
1.615045438627250168e-02
1.603198830635493149e-02
1.643783969534489894e-02
1.618088383000088060e-02
1.608779911975596541e-02
1.606219642944918188e-02
1.629092252123674409e-02
1.599348945728012658e-02
1.612565575437691426e-02
1.593547825566457576e-02
1.598808736689672980e-02
1.600757706199438385e-02
1.597841097511180572e-02
1.594913157968575607e-02
1.586821931236572988e-02
1.611245872154263084e-02
1.585211450561084881e-02
1.581787986979457314e-02
1.602662823212738091e-02
1.599625422697485699e-02
1.581844761398912280e-02
1.582913274898101186e-02
1.572917013621057125e-02
1.576607131207262424e-02
1.586673051858221439e-02
1.579548327522423481e-02
1.569778124538769373e-02
1.587417279547862284e-02
1.566946543468773767e-02
1.563460406854407306e-02
1.582571906073175147e-02
1.577623095363378525e-02
1.574765631346074571e-02
1.578865151226747920e-02
1.582461194568917859e-02
1.556187386816467073e-02
1.562968759534468302e-02
1.569365883487781541e-02
1.553587435623844139e-02
1.555951537550178190e-02
1.573930975078171451e-02
1.548726949840784073e-02
1.544458217179502275e-02
1.544758124376526334e-02
1.551788281791537799e-02
1.546975211702457907e-02
1.543859078882987325e-02
1.563871167742341556e-02
1.539408060800255724e-02
1.540920598332891009e-02
1.533884879997895849e-02
1.548905173700501972e-02
1.542510892769307501e-02
1.551968597927848824e-02
1.548988835615966106e-02
1.561754820370719714e-02
1.537156546531060278e-02
1.545094804596582397e-02
1.535567271572942961e-02
1.535789232047004606e-02
1.543198968106098724e-02
1.538811626182940220e-02
1.536270179821334729e-02
1.525118939919781202e-02
1.541401143718994227e-02
1.527312268566994279e-02
1.549018431767707621e-02
1.520376439910126054e-02
1.529183850147342039e-02
1.524101148665178880e-02
1.529452599272245611e-02
1.520079332368291965e-02
1.539914216135294424e-02
1.520444429301806046e-02
1.528477651699808662e-02
1.510409317654735212e-02
1.520895020225803383e-02
1.517867826579408740e-02
1.514985776357068332e-02
1.519656579458076619e-02
1.517520904654764968e-02
1.534929637662099493e-02
1.511123480687614692e-02
1.543125104983799310e-02
1.521180452110658214e-02
1.516520635061364107e-02
1.519112064296962612e-02
1.498441079645666460e-02
1.526203608666439927e-02
1.521117231659306797e-02
1.525814376970511393e-02
1.532433337695498533e-02
1.534272009464165629e-02
1.526410599729714421e-02
1.520456461136350176e-02
1.516883214580193665e-02
1.515600616325631436e-02
1.507394770089224081e-02
1.524571059200599890e-02
1.503813021482174571e-02
1.510033261684970950e-02
1.512850109374022645e-02
1.496250901854675151e-02
1.509376886151446613e-02
1.512979872467863640e-02
1.528832986808687650e-02
1.509048622670291877e-02
1.501025203331053659e-02
1.526949782180422183e-02
1.509172133106084258e-02
1.507568930965343459e-02
1.511531208734248448e-02
1.499144397391617700e-02
1.506640412311517629e-02
1.513217543145172449e-02
1.519979528002156528e-02
1.508550112711564209e-02
1.502179699942810844e-02
1.512141956570949193e-02
1.501728908535633449e-02
1.506896429332612967e-02
1.492417935736989332e-02
1.523094470008411541e-02
1.510400769393180180e-02
1.503118685667068945e-02
1.518427658086742189e-02
1.503034942705212644e-02
1.516573327302022690e-02
1.489961680508296825e-02
1.502294613062652925e-02
1.518486877405689044e-02
1.517635399034914997e-02
1.499562703414272780e-02
1.491313584092009148e-02
1.503888883748809822e-02
1.504703129122730507e-02
1.492874071940438439e-02
1.501464724313211763e-02
1.493205694581261136e-02
1.519041457249008069e-02
1.505825625206450545e-02
1.497817494487034377e-02
1.514305247576864556e-02
1.508065108352035083e-02
1.512933535259643539e-02
1.491538408916187608e-02
1.503019435117945377e-02
1.505265777347652122e-02
1.509457348867227107e-02
1.498063078562494529e-02
1.503591784738174918e-02
1.501183117249312374e-02
1.501762102009685830e-02
1.490496191416532980e-02
1.511892217090566627e-02
1.510145812373579928e-02
1.498215819019397751e-02
1.496855712687696245e-02
1.495654947828245485e-02
1.518238558369965942e-02
1.496304555277105583e-02
1.487348724924426012e-02
1.495636526125532911e-02
1.504904957388648531e-02
1.504354674425971428e-02
1.518207786334607387e-02
1.493565364250245067e-02
1.486463396888197848e-02
1.495840378418451105e-02
1.505210342326464626e-02
1.503182556622355975e-02
1.525855185250744525e-02
1.512949260392489406e-02
1.505658199712065284e-02
1.500044789392757094e-02
1.496539104957389510e-02
1.488528170317183867e-02
1.519080990114967354e-02
1.496121306541084266e-02
1.503740850381041216e-02
1.509762973389552725e-02
1.497532939182892944e-02
1.497571756849989597e-02
1.502802563504180774e-02
1.495942621285678738e-02
1.496601736045065703e-02
1.497955812240829923e-02
1.491054925242908148e-02
1.496839593697822657e-02
1.500807658463488951e-02
1.502460553417451529e-02
1.512201259780021102e-02
1.508975958181473995e-02
1.505803673009153618e-02
1.494624294369047840e-02
1.507441967526692433e-02
1.491503797841208651e-02
1.514937853056738323e-02
1.503678729743447920e-02
1.510892595868301713e-02
1.497454840320212172e-02
1.497800000552230136e-02
1.495176472679804296e-02
1.494829788917803604e-02
1.507293834628267194e-02
1.498829461065412545e-02
1.498630660664261767e-02
1.506758659708363340e-02
1.491350778698466266e-02
1.493521359614061010e-02
1.490072437512283098e-02
1.491303865634303026e-02
1.496819745862984496e-02
1.496935709031256036e-02
1.494999896052457040e-02
1.501731939244133757e-02
1.499627946470757402e-02
1.501646769439218647e-02
1.488046808068761370e-02
1.495888192945991728e-02
1.492551454691259070e-02
1.493024963970857738e-02
1.493784739060028885e-02
1.493721022377259879e-02
1.503730243256756402e-02
1.505650284892047670e-02
1.499876344420072657e-02
1.498778470798985650e-02
1.503922072957262698e-02
1.500818072213926449e-02
1.505742175860031937e-02
1.511996400094669200e-02
1.509564613056091874e-02
1.491813992953482451e-02
1.486945422437354822e-02
1.494783551951173531e-02
1.491952455026730393e-02
1.490468109552641786e-02
1.505915851879665798e-02
1.511752033136955740e-02
1.491379334043910557e-02
1.492826769995780380e-02
1.497226313666532964e-02
1.489431521933497378e-02
1.492983547131751347e-02
1.482500693270268413e-02
1.490735128265983228e-02
1.496427409521496055e-02
1.499477245681385927e-02
1.505090734203353223e-02
1.497479858061739541e-02
1.494715229842726555e-02
